b: 0.0853628
covariance: 8.8070832e-07