b: 0.08267502
covariance: 5.93279968e-07