b: 0.0834554
covariance: 1.12071109e-06