b: 0.0831638
covariance: 2.85472943e-07