b: 0.08088644
covariance: 3.81927489e-07