b: 0.07595724
covariance: 2.06611473e-07