b: 0.08333849
covariance: 1.4689319e-06