b: 0.07863337
covariance: 8.81317989e-07