b: 0.07915749
covariance: 3.26943293e-07