b: 0.07916912
covariance: 4.85513352e-07