b: 0.07860905
covariance: 1.16995033e-07