45.txt
a: 0.2401594771884004
b: -0.04621746868873516
c: -0.0027915351087996034
covar: [[0.00073054 0.00061649]
 [0.00061649 0.0575189 ]] 
            
            