46.txt
a: 0.252995639191857
b: -0.040591764838630556
c: -0.0024517425962532857
covar: [[0.00075375 0.00066287]
 [0.00066287 0.05088028]] 
            
            