47.txt
a: 0.24409080996208898
b: -0.052277497147914805
c: -0.0031575608277340543
covar: [[0.00069182 0.00068818]
 [0.00068818 0.05215797]] 
            
            