48.txt
a: 0.2529683114915739
b: -0.043404253115510584
c: -0.0026216168881768396
covar: [[0.00070937 0.00063942]
 [0.00063942 0.04846206]] 
            
            