49.txt
a: 0.24585059553056157
b: -0.04520265663458526
c: -0.00273024046072895
covar: [[0.00072164 0.00067232]
 [0.00067232 0.05420413]] 
            
            