50.txt
a: 0.24497188063554812
b: -0.05060975227641624
c: -0.003056829037495541
covar: [[0.0007255  0.00056621]
 [0.00056621 0.0546239 ]] 
            
            