51.txt
a: 0.2512412059402761
b: -0.040830401674564504
c: -0.0024661562611436962
covar: [[0.00068944 0.00044186]
 [0.00044186 0.04850933]] 
            
            