52.txt
a: 0.25762590907268285
b: -0.04370016959285884
c: -0.0026394902434086743
covar: [[0.00073919 0.00056352]
 [0.00056352 0.04821871]] 
            
            