53.txt
a: 0.25203858086697584
b: -0.04422066012150234
c: -0.002670927871338741
covar: [[0.00072092 0.00049515]
 [0.00049515 0.04993379]] 
            
            