55.txt
a: 0.24451512931664562
b: -0.05296152173331306
c: -0.003198875912692109
covar: [[0.00075869 0.00065311]
 [0.00065311 0.05725164]] 
            
            